10.500+200 | 700    | 500    | 509    | 500    | 200    | 0      | 0      | 0.156749|
10.500+50  | 550    | 500    | 509    | 500    | 50     | 0      | 0      | 0.104895|
18.200+20  | 220    | 200    | 209    | 200    | 20     | 0      | 0      | 0.032345|
18.200+80  | 280    | 200    | 209    | 200    | 80     | 0      | 0      | 0.040399|
20.300+120 | 420    | 300    | 309    | 300    | 120    | 0      | 0      | 0.066562|
20.300+30  | 330    | 300    | 309    | 300    | 30     | 0      | 0      | 0.049047|
25.500+200 | 700    | 500    | 509    | 500    | 200    | 0      | 0      | 0.154205|
25.500+50  | 550    | 500    | 509    | 500    | 50     | 0      | 0      | 0.109616|
35.200+20  | 220    | 200    | 209    | 200    | 20     | 0      | 0      | 0.032004|
35.200+80  | 280    | 200    | 209    | 200    | 80     | 0      | 0      | 0.039960|
53.500+200 | 700    | 500    | 509    | 500    | 200    | 0      | 0      | 0.173109|
53.500+50  | 550    | 500    | 509    | 500    | 50     | 0      | 0      | 0.108457|
55.300+120 | 420    | 300    | 309    | 300    | 120    | 0      | 0      | 0.076507|
55.300+30  | 330    | 300    | 309    | 300    | 30     | 0      | 0      | 0.052841|
55.400+160 | 560    | 400    | 409    | 400    | 160    | 0      | 0      | 0.114466|
55.400+40  | 440    | 400    | 409    | 400    | 40     | 0      | 0      | 0.079798|
58.300+120 | 420    | 300    | 309    | 300    | 120    | 0      | 0      | 0.072057|
58.300+30  | 330    | 300    | 309    | 300    | 30     | 0      | 0      | 0.057218|
62.400+160 | 560    | 400    | 409    | 400    | 160    | 0      | 0      | 0.113760|
62.400+40  | 440    | 400    | 409    | 400    | 40     | 0      | 0      | 0.081914|
68.400+160 | 560    | 400    | 409    | 400    | 160    | 0      | 0      | 0.139732|
68.400+40  | 440    | 400    | 409    | 400    | 40     | 0      | 0      | 0.074703|
9.200+20   | 220    | 200    | 209    | 200    | 20     | 0      | 0      | 0.033472|
9.200+80   | 280    | 200    | 209    | 200    | 80     | 0      | 0      | 0.041906|
