10.500-100 | 400    | 500    | 509    | 380    | 20     | 1      | 20     | 0.730878|
10.500-200 | 300    | 500    | 509    | 283    | 17     | 1      | 17     | 0.994471|
113.500-8  | 492    | 500    | 509    | 477    | 15     | 2      | 15     | 0.107081|
144.500-12 | 488    | 500    | 509    | 475    | 13     | 10     | 13     | 0.103206|
18.200-40  | 160    | 200    | 209    | 147    | 13     | 0      | 13     | 0.074840|
18.200-80  | 120    | 200    | 209    | 113    | 7      | 0      | 7      | 0.076370|
20.300-120 | 180    | 300    | 309    | 178    | 2      | 0      | 2      | 0.207586|
20.300-60  | 240    | 300    | 309    | 226    | 14     | 0      | 14     | 0.191974|
25.500-100 | 400    | 500    | 509    | 377    | 23     | 0      | 23     | 0.740414|
25.500-200 | 300    | 500    | 509    | 279    | 21     | 0      | 21     | 0.760628|
28.500-18  | 482    | 500    | 509    | 478    | 4      | 16     | 4      | 0.097021|
34.500-32  | 468    | 500    | 509    | 466    | 2      | 22     | 2      | 0.096410|
35.200-40  | 160    | 200    | 209    | 145    | 15     | 0      | 15     | 0.059675|
35.200-80  | 120    | 200    | 209    | 110    | 10     | 0      | 10     | 0.077832|
53.500-100 | 400    | 500    | 509    | 376    | 24     | 1      | 24     | 0.747652|
53.500-200 | 300    | 500    | 509    | 287    | 13     | 0      | 13     | 0.897722|
55.300-120 | 180    | 300    | 309    | 169    | 11     | 0      | 11     | 0.209878|
55.300-60  | 240    | 300    | 309    | 227    | 13     | 0      | 13     | 0.162730|
55.400-160 | 240    | 400    | 409    | 221    | 19     | 0      | 19     | 0.417484|
55.400-80  | 320    | 400    | 409    | 305    | 15     | 0      | 15     | 0.466445|
58.300-120 | 180    | 300    | 309    | 168    | 12     | 0      | 12     | 0.210733|
58.300-60  | 240    | 300    | 309    | 227    | 13     | 0      | 13     | 0.228310|
59.500-2   | 498    | 500    | 509    | 483    | 15     | 0      | 15     | 0.092071|
62.400-160 | 240    | 400    | 409    | 233    | 7      | 0      | 7      | 0.540661|
62.400-80  | 320    | 400    | 409    | 297    | 23     | 2      | 23     | 0.501032|
68.400-160 | 240    | 400    | 409    | 223    | 17     | 1      | 17     | 0.466755|
68.400-80  | 320    | 400    | 409    | 309    | 11     | 0      | 11     | 0.421656|
9.200-40   | 160    | 200    | 209    | 142    | 18     | 0      | 18     | 0.071945|
9.200-80   | 120    | 200    | 209    | 111    | 9      | 0      | 9      | 0.091363|
