10.500+200 | 700    | 500    | 509    | 500    | 200    | 0      | 0      | 0.156771|
10.500+50  | 550    | 500    | 509    | 500    | 50     | 0      | 0      | 0.107536|
18.200+20  | 220    | 200    | 209    | 200    | 20     | 0      | 0      | 0.033528|
18.200+80  | 280    | 200    | 209    | 200    | 80     | 0      | 0      | 0.041444|
20.300+120 | 420    | 300    | 309    | 300    | 120    | 0      | 0      | 0.069143|
20.300+30  | 330    | 300    | 309    | 300    | 30     | 0      | 0      | 0.050961|
25.500+200 | 700    | 500    | 509    | 500    | 200    | 0      | 0      | 0.153734|
25.500+50  | 550    | 500    | 509    | 500    | 50     | 0      | 0      | 0.102619|
35.200+20  | 220    | 200    | 209    | 200    | 20     | 0      | 0      | 0.032067|
35.200+80  | 280    | 200    | 209    | 200    | 80     | 0      | 0      | 0.040233|
53.500+200 | 700    | 500    | 509    | 500    | 200    | 0      | 0      | 0.168423|
53.500+50  | 550    | 500    | 509    | 500    | 50     | 0      | 0      | 0.114981|
55.300+120 | 420    | 300    | 309    | 300    | 120    | 0      | 0      | 0.074199|
55.300+30  | 330    | 300    | 309    | 300    | 30     | 0      | 0      | 0.051708|
55.400+160 | 560    | 400    | 409    | 400    | 160    | 0      | 0      | 0.117494|
55.400+40  | 440    | 400    | 409    | 400    | 40     | 0      | 0      | 0.079200|
58.300+120 | 420    | 300    | 309    | 300    | 120    | 0      | 0      | 0.072356|
58.300+30  | 330    | 300    | 309    | 300    | 30     | 0      | 0      | 0.057391|
62.400+160 | 560    | 400    | 409    | 400    | 160    | 0      | 0      | 0.117057|
62.400+40  | 440    | 400    | 409    | 400    | 40     | 0      | 0      | 0.083303|
68.400+160 | 560    | 400    | 409    | 400    | 160    | 0      | 0      | 0.138257|
68.400+40  | 440    | 400    | 409    | 400    | 40     | 0      | 0      | 0.118041|
9.200+20   | 220    | 200    | 209    | 200    | 20     | 0      | 0      | 0.035381|
9.200+80   | 280    | 200    | 209    | 200    | 80     | 0      | 0      | 0.060135|
