10.500-100 | 400    | 500    | 509    | 394    | 6      | 0      | 6      | 0.664189|
10.500-200 | 300    | 500    | 509    | 299    | 1      | 0      | 1      | 0.838415|
113.500-8  | 492    | 500    | 509    | 479    | 13     | 2      | 13     | 0.097114|
144.500-12 | 488    | 500    | 509    | 486    | 2      | 2      | 2      | 0.092989|
18.200-40  | 160    | 200    | 209    | 155    | 5      | 0      | 5      | 0.074388|
18.200-80  | 120    | 200    | 209    | 120    | 0      | 0      | 0      | 0.068813|
20.300-120 | 180    | 300    | 309    | 180    | 0      | 0      | 0      | 0.205883|
20.300-60  | 240    | 300    | 309    | 240    | 0      | 0      | 0      | 0.184561|
25.500-100 | 400    | 500    | 509    | 400    | 0      | 0      | 0      | 0.694519|
25.500-200 | 300    | 500    | 507    | 300    | 0      | 0      | 0      | 0.685442|
28.500-18  | 482    | 500    | 509    | 478    | 4      | 16     | 4      | 0.093596|
34.500-32  | 468    | 500    | 506    | 468    | 0      | 13     | 0      | 0.095245|
35.200-40  | 160    | 200    | 209    | 160    | 0      | 0      | 0      | 0.053286|
35.200-80  | 120    | 200    | 209    | 119    | 1      | 0      | 1      | 0.082587|
53.500-100 | 400    | 500    | 509    | 400    | 0      | 0      | 0      | 0.691277|
53.500-200 | 300    | 500    | 509    | 297    | 3      | 0      | 3      | 0.831159|
55.300-120 | 180    | 300    | 308    | 180    | 0      | 0      | 0      | 0.178505|
55.300-60  | 240    | 300    | 309    | 240    | 0      | 0      | 0      | 0.149140|
55.400-160 | 240    | 400    | 408    | 240    | 0      | 0      | 0      | 0.348629|
55.400-80  | 320    | 400    | 409    | 315    | 5      | 0      | 5      | 0.413240|
58.300-120 | 180    | 300    | 309    | 180    | 0      | 0      | 0      | 0.188474|
58.300-60  | 240    | 300    | 309    | 240    | 0      | 0      | 0      | 0.213365|
59.500-2   | 498    | 500    | 509    | 487    | 11     | 0      | 11     | 0.093852|
62.400-160 | 240    | 400    | 408    | 240    | 0      | 0      | 0      | 0.494762|
62.400-80  | 320    | 400    | 408    | 320    | 0      | 0      | 0      | 0.433302|
68.400-160 | 240    | 400    | 409    | 240    | 0      | 0      | 0      | 0.399845|
68.400-80  | 320    | 400    | 409    | 320    | 0      | 0      | 0      | 0.394655|
9.200-40   | 160    | 200    | 207    | 160    | 0      | 0      | 0      | 0.069406|
9.200-80   | 120    | 200    | 207    | 120    | 0      | 0      | 0      | 0.084767|
