10.500+200 | 700    | 500    | 509    | 500    | 200    | 0      | 0      | 0.158309|
10.500+50  | 550    | 500    | 509    | 500    | 50     | 0      | 0      | 0.109508|
18.200+20  | 220    | 200    | 209    | 200    | 20     | 0      | 0      | 0.032226|
18.200+80  | 280    | 200    | 209    | 200    | 80     | 0      | 0      | 0.039896|
20.300+120 | 420    | 300    | 309    | 300    | 120    | 0      | 0      | 0.066723|
20.300+30  | 330    | 300    | 309    | 300    | 30     | 0      | 0      | 0.050116|
25.500+200 | 700    | 500    | 509    | 500    | 200    | 0      | 0      | 0.152588|
25.500+50  | 550    | 500    | 509    | 500    | 50     | 0      | 0      | 0.101145|
35.200+20  | 220    | 200    | 209    | 200    | 20     | 0      | 0      | 0.031499|
35.200+80  | 280    | 200    | 209    | 200    | 80     | 0      | 0      | 0.040067|
53.500+200 | 700    | 500    | 509    | 500    | 200    | 0      | 0      | 0.165717|
53.500+50  | 550    | 500    | 509    | 500    | 50     | 0      | 0      | 0.112656|
55.300+120 | 420    | 300    | 309    | 300    | 120    | 0      | 0      | 0.075105|
55.300+30  | 330    | 300    | 309    | 300    | 30     | 0      | 0      | 0.049136|
55.400+160 | 560    | 400    | 409    | 400    | 160    | 0      | 0      | 0.109082|
55.400+40  | 440    | 400    | 409    | 400    | 40     | 0      | 0      | 0.092016|
58.300+120 | 420    | 300    | 309    | 300    | 120    | 0      | 0      | 0.069138|
58.300+30  | 330    | 300    | 309    | 300    | 30     | 0      | 0      | 0.055477|
62.400+160 | 560    | 400    | 409    | 400    | 160    | 0      | 0      | 0.109418|
62.400+40  | 440    | 400    | 409    | 400    | 40     | 0      | 0      | 0.075179|
68.400+160 | 560    | 400    | 409    | 400    | 160    | 0      | 0      | 0.127207|
68.400+40  | 440    | 400    | 409    | 400    | 40     | 0      | 0      | 0.083274|
9.200+20   | 220    | 200    | 209    | 200    | 20     | 0      | 0      | 0.041533|
9.200+80   | 280    | 200    | 209    | 200    | 80     | 0      | 0      | 0.042859|
