10.500-100 | 400    | 500    | 533    | 400    | 0      | 1      | 0      | 0.710330|
10.500-200 | 300    | 500    | 542    | 300    | 0      | 1      | 0      | 0.917891|
113.500-8  | 492    | 500    | 524    | 492    | 0      | 2      | 0      | 0.092141|
144.500-12 | 488    | 500    | 522    | 488    | 0      | 10     | 0      | 0.091515|
18.200-40  | 160    | 200    | 222    | 160    | 0      | 0      | 0      | 0.073450|
18.200-80  | 120    | 200    | 216    | 120    | 0      | 0      | 0      | 0.075443|
20.300-120 | 180    | 300    | 311    | 180    | 0      | 0      | 0      | 0.204802|
20.300-60  | 240    | 300    | 328    | 240    | 0      | 0      | 0      | 0.192624|
25.500-100 | 400    | 500    | 542    | 400    | 0      | 0      | 0      | 0.702931|
25.500-200 | 300    | 500    | 549    | 300    | 0      | 2      | 0      | 0.732238|
28.500-18  | 482    | 500    | 513    | 482    | 0      | 16     | 0      | 0.092513|
34.500-32  | 468    | 500    | 511    | 468    | 0      | 22     | 0      | 0.093335|
35.200-40  | 160    | 200    | 224    | 160    | 0      | 0      | 0      | 0.060784|
35.200-80  | 120    | 200    | 220    | 120    | 0      | 0      | 0      | 0.082529|
53.500-100 | 400    | 500    | 533    | 400    | 0      | 1      | 0      | 0.707978|
53.500-200 | 300    | 500    | 533    | 300    | 0      | 0      | 0      | 0.912342|
55.300-120 | 180    | 300    | 328    | 180    | 0      | 0      | 0      | 0.207239|
55.300-60  | 240    | 300    | 330    | 240    | 0      | 0      | 0      | 0.163657|
55.400-160 | 240    | 400    | 438    | 240    | 0      | 0      | 0      | 0.394960|
55.400-80  | 320    | 400    | 428    | 320    | 0      | 0      | 0      | 0.417365|
58.300-120 | 180    | 300    | 322    | 180    | 0      | 0      | 0      | 0.207454|
58.300-60  | 240    | 300    | 324    | 240    | 0      | 0      | 0      | 0.208403|
59.500-2   | 498    | 500    | 524    | 498    | 0      | 0      | 0      | 0.092248|
62.400-160 | 240    | 400    | 421    | 240    | 0      | 0      | 0      | 0.521808|
62.400-80  | 320    | 400    | 433    | 320    | 0      | 2      | 0      | 0.462967|
68.400-160 | 240    | 400    | 441    | 240    | 0      | 1      | 0      | 0.463905|
68.400-80  | 320    | 400    | 423    | 320    | 0      | 0      | 0      | 0.394469|
9.200-40   | 160    | 200    | 234    | 160    | 0      | 0      | 0      | 0.074449|
9.200-80   | 120    | 200    | 226    | 120    | 0      | 0      | 0      | 0.083604|
